learning evaluation instances,evaluation time (cpu seconds),model cost (RAM-Hours),learned instances,detected changes,detected warnings,prediction error (average),true changes,delay detection (average),true changes detected,input values,model training instances,model serialized size (bytes)
100.0,0.016548,7.568771640459697E-12,100.0,0.0,0.0,0.9101230171544598,0.0,?,0.0,2.8,100.0,1768.0
200.0,0.031174,1.4258453415499794E-11,200.0,0.0,0.0,0.8653904224571235,0.0,?,0.0,1.8,200.0,1768.0
300.0,0.035405,1.6193640314870412E-11,300.0,0.0,0.0,0.8356326562608796,0.0,?,0.0,3.4,300.0,1768.0
400.0,0.039701,1.8158557100428476E-11,400.0,0.0,0.0,0.8488462430277726,0.0,?,0.0,2.8,400.0,1768.0
500.0,0.04236,1.9374738136927286E-11,500.0,0.0,0.0,0.8385829901648687,0.0,?,0.0,1.2,500.0,1768.0
600.0,0.045374,2.0753290090296004E-11,600.0,0.0,0.0,0.8383259664130335,0.0,?,0.0,2.4,600.0,1768.0
700.0,0.048712,2.2280034091737535E-11,700.0,0.0,0.0,0.8338727817994311,0.0,?,0.0,3.2,700.0,1768.0
800.0,0.050658,2.317010114590327E-11,800.0,0.0,0.0,0.8400579109481288,0.0,?,0.0,3.2,800.0,1768.0
900.0,0.052431,2.3981040964523953E-11,900.0,0.0,0.0,0.8342972562079126,1.0,0.0,0.0,3.6,900.0,1768.0
1000.0,0.05475,2.5041711827119192E-11,1000.0,0.0,0.0,0.8385447662172573,1.0,0.0,0.0,2.2,1000.0,1768.0
1100.0,0.05763,2.6358974476655324E-11,1100.0,0.0,0.0,0.8296139823971671,1.0,0.0,0.0,1.8,1100.0,1768.0
1200.0,0.060111,2.7493741363286973E-11,1200.0,0.0,0.0,0.8341864553856378,1.0,0.0,0.0,2.2,1200.0,1768.0
1300.0,0.062193,2.8446012487014135E-11,1300.0,0.0,0.0,0.8341974270780776,1.0,0.0,0.0,2.2,1300.0,1768.0
1400.0,0.063748,2.915724284119076E-11,1400.0,0.0,0.0,0.8270622256902523,1.0,0.0,0.0,2.2,1400.0,1768.0
1500.0,0.065894,3.013878646824095E-11,1500.0,0.0,0.0,0.8289422237529869,1.0,0.0,0.0,2.2,1500.0,1768.0
1600.0,0.067407,3.083080674211184E-11,1600.0,0.0,0.0,0.8320561666165873,1.0,0.0,0.0,2.4,1600.0,1768.0
1700.0,0.068583,3.1368688990672424E-11,1700.0,0.0,0.0,0.83257975558657,1.0,0.0,0.0,3.4,1700.0,1768.0
1800.0,0.069812,3.193081253104739E-11,1800.0,0.0,0.0,0.8304109806169321,1.0,0.0,0.0,4.2,1800.0,1768.0
1900.0,0.070968,3.2459547122319534E-11,1900.0,0.0,0.0,0.8289323075903765,1.0,0.0,0.0,3.2,1900.0,1768.0
2000.0,0.072165,3.300703441103299E-11,2000.0,0.0,0.0,0.8312001299227265,1.0,0.0,0.0,2.6,2000.0,1768.0
2100.0,0.073314,3.3532567322254175E-11,2100.0,0.0,0.0,0.8331006915582915,1.0,0.0,0.0,4.2,2100.0,1768.0
2200.0,0.074968,3.4289078580008605E-11,2200.0,0.0,0.0,0.8322103560016009,1.0,0.0,0.0,2.6,2200.0,1768.0
2300.0,0.076186,3.484617090887493E-11,2300.0,0.0,0.0,0.8306632693344252,1.0,0.0,0.0,2.6,2300.0,1768.0
2400.0,0.077321,3.5365300459994206E-11,2400.0,0.0,0.0,0.8301292332584472,1.0,0.0,0.0,2.6,2400.0,1768.0
2500.0,0.078551,3.5927881383233596E-11,2500.0,1.0,0.0,0.8287456657826892,1.0,1604.0,1.0,1.8,2500.0,1768.0
2600.0,0.079684,3.644609616862403E-11,2600.0,1.0,0.0,0.8304038778402745,1.0,1604.0,1.0,2.8,2600.0,1768.0
2700.0,0.080809,3.696065189109908E-11,2700.0,1.0,0.0,0.8259000368637643,1.0,1604.0,1.0,2.4,2700.0,1768.0
2800.0,0.081907,3.746285827623473E-11,2800.0,1.0,0.0,0.8253473492331529,1.0,1604.0,1.0,2.8,2800.0,1768.0
2900.0,0.082999,3.796232036418385E-11,2900.0,1.0,0.0,0.8233063496953781,1.0,1604.0,1.0,1.8,2900.0,1768.0
3000.0,0.084088,3.8460410303539696E-11,3000.0,1.0,0.0,0.8200496247306909,1.0,1604.0,1.0,3.2,3000.0,1768.0
3100.0,0.085164,3.8952554265658055E-11,3100.0,1.0,0.0,0.8225019936660669,1.0,1604.0,1.0,3.2,3100.0,1768.0
3200.0,0.086229,3.943966701626777E-11,3200.0,1.0,0.0,0.8227798094270398,1.0,1604.0,1.0,2.8,3200.0,1768.0
3300.0,0.08776,4.013992018169826E-11,3300.0,1.0,0.0,0.8229829804854312,1.0,1604.0,1.0,3.0,3300.0,1768.0
3400.0,0.089097,4.075144107143083E-11,3400.0,1.0,0.0,0.8228341950735704,1.0,1604.0,1.0,2.4,3400.0,1768.0
3500.0,0.09017,4.124221288495593E-11,3500.0,1.0,0.0,0.8240608678344117,1.0,1604.0,1.0,2.2,3500.0,1768.0
3600.0,0.091314,4.1765458881855005E-11,3600.0,1.0,0.0,0.8273296532404676,1.0,1604.0,1.0,2.2,3600.0,1768.0
3700.0,0.092356,4.224205182658301E-11,3700.0,1.0,0.0,0.8260359132525942,1.0,1604.0,1.0,3.0,3700.0,1768.0
3800.0,0.093352,4.269760515954759E-11,3800.0,1.0,0.0,0.8283981786890253,1.0,1604.0,1.0,2.6,3800.0,1768.0
3900.0,0.094633,4.328351260887252E-11,3900.0,1.0,0.0,0.828751380443766,1.0,1604.0,1.0,2.2,3900.0,1768.0
4000.0,0.09576,4.379898309707641E-11,4000.0,1.0,0.0,0.8320519006086434,1.0,1604.0,1.0,1.8,4000.0,1768.0
4100.0,0.096793,4.427145959602462E-11,4100.0,1.0,0.0,0.833778249226064,1.0,1604.0,1.0,1.8,4100.0,1768.0
4200.0,0.097777,4.472152433461613E-11,4200.0,1.0,0.0,0.8349860093298413,1.0,1604.0,1.0,2.6,4200.0,1768.0
4300.0,0.098952,4.5258949200312294E-11,4300.0,1.0,0.0,0.8340990103172827,1.0,1604.0,1.0,2.2,4300.0,1768.0
4400.0,0.100709,4.606257089310222E-11,4400.0,1.0,0.0,0.8355379378512999,1.0,1604.0,1.0,3.0,4400.0,1768.0
4500.0,0.102403,4.683737746543354E-11,4500.0,1.0,0.0,0.8360064555430743,1.0,1604.0,1.0,2.8,4500.0,1768.0
4600.0,0.104136,4.7630021969477334E-11,4600.0,1.0,0.0,0.8363858945307162,1.0,1604.0,1.0,2.6,4600.0,1768.0
4700.0,0.106056,4.850819706916809E-11,4700.0,1.0,0.0,0.8358575634033252,1.0,1604.0,1.0,2.8,4700.0,1768.0
4800.0,0.107644,4.923452105787065E-11,4800.0,1.0,0.0,0.8354535924746612,1.0,1604.0,1.0,3.2,4800.0,1768.0
4900.0,0.109224,4.995718598365783E-11,4900.0,1.0,0.0,0.8355942521774281,1.0,1604.0,1.0,2.0,4900.0,1768.0
5000.0,0.11059,5.058197097645865E-11,5000.0,1.0,0.0,0.835566363121185,1.0,1604.0,1.0,1.8,5000.0,1768.0
5100.0,0.111598,5.10430129037963E-11,5100.0,1.0,0.0,0.8333044349473054,1.0,1604.0,1.0,2.2,5100.0,1768.0
5200.0,0.112582,5.149307764238781E-11,5200.0,1.0,0.0,0.8320211052807516,1.0,1604.0,1.0,2.0,5200.0,1768.0
5300.0,0.113511,5.19179863234361E-11,5300.0,1.0,0.0,0.8309289389152709,1.0,1604.0,1.0,2.8,5300.0,1768.0
5400.0,0.114812,5.251304143004947E-11,5400.0,1.0,0.0,0.8315468237631977,1.0,1604.0,1.0,1.8,5400.0,1768.0
5500.0,0.115899,5.301021660367647E-11,5500.0,1.0,0.0,0.8322507287091154,1.0,1604.0,1.0,2.2,5500.0,1768.0
5600.0,0.116923,5.347857665684487E-11,5600.0,1.0,0.0,0.8324210056698292,1.0,1604.0,1.0,2.6,5600.0,1768.0
5700.0,0.117871,5.391217561231718E-11,5700.0,1.0,0.0,0.8318647258857039,1.0,1604.0,1.0,3.4,5700.0,1768.0
5800.0,0.118949,5.440523434016438E-11,5800.0,1.0,0.0,0.8322148514450551,1.0,1604.0,1.0,2.0,5800.0,1768.0
5900.0,0.120691,5.520199528998797E-11,5900.0,1.0,0.0,0.8314036923640222,1.0,1604.0,1.0,3.0,5900.0,1768.0
6000.0,0.122416,5.599098073111639E-11,6000.0,1.0,0.0,0.8309878810552999,1.0,1604.0,1.0,2.0,6000.0,1768.0
6100.0,0.123546,5.650782336791355E-11,6100.0,1.0,0.0,0.8310396475254079,1.0,1604.0,1.0,1.6,6100.0,1768.0
6200.0,0.124519,5.6952856894996416E-11,6200.0,1.0,0.0,0.8314426365008873,1.0,1604.0,1.0,2.2,6200.0,1768.0
6300.0,0.125401,5.735626858141686E-11,6300.0,1.0,0.0,0.8323131400615287,1.0,1604.0,1.0,2.8,6300.0,1768.0
6400.0,0.126271,5.7754191673464234E-11,6400.0,1.0,0.0,0.8326541236096969,1.0,1604.0,1.0,3.2,6400.0,1768.0
6500.0,0.127685,5.840093104375733E-11,6500.0,1.0,0.0,0.8336937995632423,1.0,1604.0,1.0,2.0,6500.0,1768.0
6600.0,0.129179,5.908426104320419E-11,6600.0,1.0,0.0,0.833216716343924,1.0,1604.0,1.0,2.4,6600.0,1768.0
6700.0,0.130634,5.974975311093859E-11,6700.0,1.0,0.0,0.8337377366956463,1.0,1604.0,1.0,4.0,6700.0,1768.0
6800.0,0.13219,6.046144084797964E-11,6800.0,1.0,0.0,0.8338315810364103,1.0,1604.0,1.0,2.4,6800.0,1768.0
6900.0,0.13374,6.117038428783415E-11,6900.0,1.0,0.0,0.8339236168323899,1.0,1604.0,1.0,2.6,6900.0,1768.0
7000.0,0.134762,6.16378295752737E-11,7000.0,1.0,0.0,0.8343559413023636,1.0,1604.0,1.0,1.8,7000.0,1768.0
7100.0,0.135927,6.217068061232565E-11,7100.0,1.0,0.0,0.8357906607211356,1.0,1604.0,1.0,3.2,7100.0,1768.0
7200.0,0.136913,6.262166011664601E-11,7200.0,1.0,0.0,0.8368801791130478,1.0,1604.0,1.0,3.0,7200.0,1768.0
7300.0,0.138531,6.336170559128125E-11,7300.0,1.0,0.0,0.8376095672059257,1.0,1604.0,1.0,2.8,7300.0,1768.0
7400.0,0.140065,6.406333090530501E-11,7400.0,1.0,0.0,0.8380477437554278,1.0,1604.0,1.0,3.0,7400.0,1768.0
7500.0,0.141578,6.47553511791759E-11,7500.0,1.0,0.0,0.8388463220807617,1.0,1604.0,1.0,3.4,7500.0,1768.0
7600.0,0.143177,6.548670637938711E-11,7600.0,2.0,0.0,0.8388686714263106,1.0,1604.0,1.0,2.2,7600.0,1768.0
7700.0,0.144811,6.62340699798531E-11,7700.0,2.0,0.0,0.8396397365163718,1.0,1604.0,1.0,2.2,7700.0,1768.0
7800.0,0.14631,6.691968689362207E-11,7800.0,2.0,0.0,0.8392232843618396,1.0,1604.0,1.0,3.2,7800.0,1768.0
7900.0,0.147769,6.758700849281416E-11,7900.0,2.0,0.0,0.8382295508871644,1.0,1604.0,1.0,2.8,7900.0,1768.0
8000.0,0.149184,6.823420524597168E-11,8000.0,2.0,0.0,0.8381002174014454,1.0,1604.0,1.0,2.6,8000.0,1768.0
8100.0,0.15033,6.875836600859959E-11,8100.0,2.0,0.0,0.836680203747032,1.0,1604.0,1.0,2.8,8100.0,1768.0
8200.0,0.15118,6.914714144335852E-11,8200.0,2.0,0.0,0.8367557455704997,1.0,1604.0,1.0,2.4,8200.0,1768.0
8300.0,0.152027,6.953454472952418E-11,8300.0,2.0,0.0,0.8375154882930701,1.0,1604.0,1.0,2.2,8300.0,1768.0
8400.0,0.152895,6.99315530558427E-11,8400.0,2.0,0.0,0.8379916109124846,1.0,1604.0,1.0,2.6,8400.0,1768.0
8500.0,0.153792,7.034182548522947E-11,8500.0,2.0,0.0,0.8384890910747267,1.0,1604.0,1.0,2.2,8500.0,1768.0
8600.0,0.154728,7.076993584632872E-11,8600.0,2.0,0.0,0.8384005068460872,1.0,1604.0,1.0,2.6,8600.0,1768.0
8700.0,0.156163,7.142628025677468E-11,8700.0,2.0,0.0,0.8379908398229704,1.0,1604.0,1.0,3.2,8700.0,1768.0
8800.0,0.15757,7.206981794701681E-11,8800.0,2.0,0.0,0.838072693503102,1.0,1604.0,1.0,2.2,8800.0,1768.0
8900.0,0.158963,7.270695227715702E-11,8900.0,2.0,0.0,0.8373735740193378,1.0,1604.0,1.0,2.8,8900.0,1768.0
9000.0,0.16041,7.336878528197604E-11,9000.0,2.0,0.0,0.8371468837153369,1.0,1604.0,1.0,2.6,9000.0,1768.0
9100.0,0.16179,7.399997363487877E-11,9100.0,2.0,0.0,0.8369156628901602,1.0,1604.0,1.0,2.0,9100.0,1768.0
9200.0,0.163173,7.463253413637477E-11,9200.0,2.0,0.0,0.8373166868462002,1.0,1604.0,1.0,2.6,9200.0,1768.0
9300.0,0.164584,7.527790135807459E-11,9300.0,2.0,0.0,0.8365406610987725,1.0,1604.0,1.0,2.6,9300.0,1768.0
9400.0,0.16601,7.593012932274074E-11,9400.0,2.0,0.0,0.8356969516629533,1.0,1604.0,1.0,2.4,9400.0,1768.0
9500.0,0.167372,7.655308478408388E-11,9500.0,2.0,0.0,0.8361180455789085,1.0,1604.0,1.0,3.8,9500.0,1768.0
9600.0,0.168748,7.718244360552891E-11,9600.0,2.0,0.0,0.835295475242342,1.0,1604.0,1.0,3.0,9600.0,1768.0
9700.0,0.170175,7.783512895305949E-11,9700.0,2.0,0.0,0.8350933992849764,1.0,1604.0,1.0,2.6,9700.0,1768.0
9800.0,0.171593,7.848369785481027E-11,9800.0,2.0,0.0,0.8356754535263258,1.0,1604.0,1.0,3.0,9800.0,1768.0
9900.0,0.173029,7.914049964812065E-11,9900.0,2.0,0.0,0.8351343658288015,1.0,1604.0,1.0,2.2,9900.0,1768.0
10000.0,0.174459,7.97945571442445E-11,10000.0,2.0,0.0,0.8351586142563616,1.0,1604.0,1.0,3.0,10000.0,1768.0
10100.0,0.175938,8.047102640072503E-11,10100.0,2.0,0.0,0.8347836468865008,1.0,1604.0,1.0,2.0,10100.0,1768.0
10200.0,0.17735,8.111685100528928E-11,10200.0,2.0,0.0,0.8343362228707079,1.0,1604.0,1.0,2.6,10200.0,1768.0
10300.0,0.178664,8.171785208914014E-11,10300.0,2.0,0.0,0.8340890385407015,1.0,1604.0,1.0,2.8,10300.0,1768.0
10400.0,0.17988,8.227402965227762E-11,10400.0,2.0,0.0,0.8337384769754107,1.0,1604.0,1.0,3.0,10400.0,1768.0
10500.0,0.180763,8.267789872156249E-11,10500.0,2.0,0.0,0.8338280022632861,1.0,1604.0,1.0,2.6,10500.0,1768.0
10600.0,0.181626,8.307262013355891E-11,10600.0,2.0,0.0,0.8344870786214568,1.0,1604.0,1.0,1.8,10600.0,1768.0
10700.0,0.182419,8.343532474504577E-11,10700.0,2.0,0.0,0.8344182755185386,1.0,1604.0,1.0,3.6,10700.0,1768.0
10800.0,0.183176,8.378156357341342E-11,10800.0,2.0,0.0,0.8343920675436867,1.0,1604.0,1.0,4.0,10800.0,1768.0
10900.0,0.183953,8.413695005906953E-11,10900.0,2.0,0.0,0.8334119712728361,1.0,1604.0,1.0,2.8,10900.0,1768.0
11000.0,0.184786,8.451794998513328E-11,11000.0,2.0,0.0,0.8327857215247059,1.0,1604.0,1.0,1.8,11000.0,1768.0
11100.0,0.18567,8.492227643728257E-11,11100.0,2.0,0.0,0.8328662818273994,1.0,1604.0,1.0,3.0,11100.0,1768.0
11200.0,0.186443,8.527583339148098E-11,11200.0,3.0,0.0,0.83365362008323,1.0,1604.0,1.0,1.8,11200.0,1768.0
11300.0,0.187149,8.55987456937631E-11,11300.0,3.0,0.0,0.8355847544516554,1.0,1604.0,1.0,2.2,11300.0,1768.0
11400.0,0.187851,8.591982846458753E-11,11400.0,3.0,0.0,0.8351198308571183,1.0,1604.0,1.0,3.0,11400.0,1768.0
11500.0,0.188569,8.624822936124272E-11,11500.0,3.0,0.0,0.8345938052261541,1.0,1604.0,1.0,2.8,11500.0,1768.0
11600.0,0.189302,8.658349100086424E-11,11600.0,3.0,0.0,0.8343844006009856,1.0,1604.0,1.0,3.4,11600.0,1768.0
11700.0,0.190002,8.690365900595983E-11,11700.0,3.0,0.0,0.8340678042717825,1.0,1604.0,1.0,2.8,11700.0,1768.0
11800.0,0.190732,8.723754849698808E-11,11800.0,3.0,0.0,0.8339617797242573,1.0,1604.0,1.0,2.2,11800.0,1768.0
11900.0,0.191455,8.756823630796538E-11,11900.0,3.0,0.0,0.8342122561545984,1.0,1604.0,1.0,2.4,11900.0,1768.0
12000.0,0.192154,8.788794693019655E-11,12000.0,3.0,0.0,0.8342572324543606,1.0,1604.0,1.0,2.4,12000.0,1768.0
12100.0,0.19285,8.820628540383444E-11,12100.0,4.0,0.0,0.834337314559885,1.0,1604.0,1.0,2.0,12100.0,1768.0
12200.0,0.193565,8.853331415189637E-11,12200.0,4.0,0.0,0.8333372402637955,1.0,1604.0,1.0,2.6,12200.0,1768.0
12300.0,0.194264,8.885302477412753E-11,12300.0,4.0,0.0,0.8329872018794512,1.0,1604.0,1.0,1.8,12300.0,1768.0
12400.0,0.19505,8.921252770556344E-11,12400.0,4.0,0.0,0.8327232795800407,1.0,1604.0,1.0,3.4,12400.0,1768.0
12500.0,0.195752,8.953361047638787E-11,12500.0,4.0,0.0,0.8330247120616461,1.0,1604.0,1.0,2.6,12500.0,1768.0
12600.0,0.196476,8.986475567022959E-11,12600.0,4.0,0.0,0.8332133477118204,1.0,1604.0,1.0,3.2,12600.0,1768.0
12700.0,0.197175,9.018446629246075E-11,12700.0,4.0,0.0,0.8329015711243503,1.0,1604.0,1.0,2.4,12700.0,1768.0
12800.0,0.197892,9.051240980625152E-11,12800.0,4.0,0.0,0.8320775224450776,1.0,1604.0,1.0,2.2,12800.0,1768.0
12900.0,0.198889,9.096842052208051E-11,12900.0,4.0,0.0,0.8321897290596154,1.0,1604.0,1.0,3.0,12900.0,1768.0
13000.0,0.199649,9.131603149904144E-11,13000.0,4.0,0.0,0.8322763649952348,1.0,1604.0,1.0,2.6,13000.0,1768.0
13100.0,0.200355,9.163894380132356E-11,13100.0,5.0,0.0,0.8319622968644804,1.0,1604.0,1.0,2.6,13100.0,1768.0
13200.0,0.201104,9.198152356677584E-11,13200.0,5.0,0.0,0.831868037573997,1.0,1604.0,1.0,2.4,13200.0,1768.0
13300.0,0.201841,9.231861473785506E-11,13300.0,5.0,0.0,0.832327328606031,1.0,1604.0,1.0,2.4,13300.0,1768.0
13400.0,0.202525,9.263146461711989E-11,13400.0,5.0,0.0,0.8325904243273501,1.0,1604.0,1.0,2.0,13400.0,1768.0
13500.0,0.203197,9.293882590201165E-11,13500.0,5.0,0.0,0.8325134620942949,1.0,1604.0,1.0,2.4,13500.0,1768.0
13600.0,0.203878,9.325030363268322E-11,13600.0,6.0,0.0,0.8327628159888123,1.0,1604.0,1.0,2.0,13600.0,1768.0
13700.0,0.20457,9.356681257486342E-11,13700.0,6.0,0.0,0.8325622957852072,1.0,1604.0,1.0,3.2,13700.0,1768.0
13800.0,0.205243,9.387463124261961E-11,13800.0,6.0,0.0,0.832679238610252,1.0,1604.0,1.0,3.0,13800.0,1768.0
13900.0,0.205916,9.418244991037579E-11,13900.0,6.0,0.0,0.832786649196602,1.0,1604.0,1.0,2.4,13900.0,1768.0
14000.0,0.206664,9.452457229296365E-11,14000.0,6.0,0.0,0.8333770190279554,1.0,1604.0,1.0,2.4,14000.0,1768.0
14100.0,0.207361,9.484336814946596E-11,14100.0,6.0,0.0,0.8335646367418551,1.0,1604.0,1.0,2.2,14100.0,1768.0
14200.0,0.208034,9.515118681722215E-11,14200.0,6.0,0.0,0.8331703553047203,1.0,1604.0,1.0,3.0,14200.0,1768.0
14300.0,0.208705,9.545809071924949E-11,14300.0,6.0,0.0,0.8335139430064289,1.0,1604.0,1.0,3.8,14300.0,1768.0
14400.0,0.209395,9.577368489570086E-11,14400.0,6.0,0.0,0.8338059078621677,1.0,1604.0,1.0,2.4,14400.0,1768.0
14500.0,0.210186,9.613547474145887E-11,14500.0,6.0,0.0,0.8338743222732986,1.0,1604.0,1.0,3.2,14500.0,1768.0
14600.0,0.210883,9.645427059796118E-11,14600.0,6.0,0.0,0.8340066070573282,1.0,1604.0,1.0,3.6,14600.0,1768.0
14700.0,0.21158,9.67730664544635E-11,14700.0,6.0,0.0,0.8338111874383152,1.0,1604.0,1.0,1.8,14700.0,1768.0
14800.0,0.212278,9.709231969383024E-11,14800.0,6.0,0.0,0.8341568970411649,1.0,1604.0,1.0,2.4,14800.0,1768.0
14900.0,0.212959,9.740379742450181E-11,14900.0,6.0,0.0,0.8340528119292606,1.0,1604.0,1.0,3.4,14900.0,1768.0
15000.0,0.213618,9.770521273215609E-11,15000.0,6.0,0.0,0.8337960366824722,1.0,1604.0,1.0,2.4,15000.0,1768.0
15100.0,0.214304,9.801897737714977E-11,15100.0,6.0,0.0,0.8338801060305352,1.0,1604.0,1.0,2.6,15100.0,1768.0
15200.0,0.215119,9.839174441165392E-11,15200.0,6.0,0.0,0.8333700509988837,1.0,1604.0,1.0,1.8,15200.0,1768.0
15300.0,0.215869,9.873478155997062E-11,15300.0,6.0,0.0,0.8331781351941783,1.0,1604.0,1.0,3.8,15300.0,1768.0
15400.0,0.216581,9.906043815943928E-11,15400.0,6.0,0.0,0.8326530162690827,1.0,1604.0,1.0,3.0,15400.0,1768.0
15500.0,0.217306,9.939204073614542E-11,15500.0,6.0,0.0,0.8333051543027129,1.0,1604.0,1.0,2.2,15500.0,1768.0
15600.0,0.218004,9.971129397551217E-11,15600.0,6.0,0.0,0.8333113956340216,1.0,1604.0,1.0,1.6,15600.0,1768.0
15700.0,0.218692,1.0002597338623469E-10,15700.0,6.0,0.0,0.8336105266937097,1.0,1604.0,1.0,3.4,15700.0,1768.0
15800.0,0.219428,1.0036260717444949E-10,15800.0,6.0,0.0,0.832880594133316,1.0,1604.0,1.0,2.6,15800.0,1768.0
15900.0,0.220138,1.006873490081893E-10,15900.0,6.0,0.0,0.8326604110035272,1.0,1604.0,1.0,1.8,15900.0,1768.0
16000.0,0.220838,1.0100751701328489E-10,16000.0,6.0,0.0,0.8324420092036672,1.0,1604.0,1.0,2.0,16000.0,1768.0
16100.0,0.221605,1.0135832967029676E-10,16100.0,6.0,0.0,0.8324219218648322,1.0,1604.0,1.0,2.6,16100.0,1768.0
16200.0,0.22298,1.0198723110887738E-10,16200.0,6.0,0.0,0.8321243839855708,1.0,1604.0,1.0,2.4,16200.0,1768.0
16300.0,0.224295,1.0258868957559266E-10,16300.0,6.0,0.0,0.8316457581663051,1.0,1604.0,1.0,2.0,16300.0,1768.0
16400.0,0.225751,1.0325463902619149E-10,16400.0,6.0,0.0,0.8316060897514078,1.0,1604.0,1.0,2.6,16400.0,1768.0
16500.0,0.226928,1.037929786576165E-10,16500.0,6.0,0.0,0.8320848428801869,1.0,1604.0,1.0,1.8,16500.0,1768.0
16600.0,0.227636,1.0411680572562746E-10,16600.0,6.0,0.0,0.8321515135631202,1.0,1604.0,1.0,2.4,16600.0,1768.0
16700.0,0.228325,1.0443194251921441E-10,16700.0,6.0,0.0,0.8320342923693254,1.0,1604.0,1.0,1.8,16700.0,1768.0
16800.0,0.229005,1.0474296286702156E-10,16800.0,6.0,0.0,0.8321901257729872,1.0,1604.0,1.0,4.2,16800.0,1768.0
16900.0,0.229733,1.0507593759232097E-10,16900.0,6.0,0.0,0.8325105289394897,1.0,1604.0,1.0,2.4,16900.0,1768.0
17000.0,0.230639,1.0549032646748754E-10,17000.0,6.0,0.0,0.8322868342599139,1.0,1604.0,1.0,2.0,17000.0,1768.0
17100.0,0.231723,1.0598612949252128E-10,17100.0,7.0,0.0,0.8327404225710336,1.0,1604.0,1.0,2.4,17100.0,1768.0
17200.0,0.232456,1.0632139113214281E-10,17200.0,7.0,0.0,0.8328056718869924,1.0,1604.0,1.0,2.0,17200.0,1768.0
17300.0,0.233197,1.066603118346797E-10,17300.0,7.0,0.0,0.8329421938945661,1.0,1604.0,1.0,2.8,17300.0,1768.0
17400.0,0.2339,1.0698185198836856E-10,17400.0,7.0,0.0,0.8335382441912265,1.0,1604.0,1.0,2.2,17400.0,1768.0
17500.0,0.234739,1.0736559621161885E-10,17500.0,7.0,0.0,0.8331621955800456,1.0,1604.0,1.0,3.0,17500.0,1768.0
17600.0,0.235681,1.0779645086990462E-10,17600.0,7.0,0.0,0.8329370323627696,1.0,1604.0,1.0,2.6,17600.0,1768.0
17700.0,0.236403,1.0812668129801749E-10,17700.0,7.0,0.0,0.8331777314103412,1.0,1604.0,1.0,2.4,17700.0,1768.0
17800.0,0.237102,1.0844639192024866E-10,17800.0,7.0,0.0,0.8328267491018265,1.0,1604.0,1.0,2.0,17800.0,1768.0
17900.0,0.23779,1.0876107133097118E-10,17900.0,7.0,0.0,0.8332539063001574,1.0,1604.0,1.0,2.2,17900.0,1768.0
18000.0,0.238571,1.0911828734808498E-10,18000.0,7.0,0.0,0.8334676170380562,1.0,1604.0,1.0,2.0,18000.0,1768.0
18100.0,0.239276,1.0944074226750268E-10,18100.0,7.0,0.0,0.8336338648795293,1.0,1604.0,1.0,3.0,18100.0,1768.0
18200.0,0.239966,1.0975633644395405E-10,18200.0,7.0,0.0,0.8340318345260102,1.0,1604.0,1.0,2.4,18200.0,1768.0
18300.0,0.240681,1.1008336519201598E-10,18300.0,7.0,0.0,0.8340663403930284,1.0,1604.0,1.0,1.8,18300.0,1768.0
18400.0,0.241366,1.1039667245414523E-10,18400.0,7.0,0.0,0.8343761611231177,1.0,1604.0,1.0,2.6,18400.0,1768.0
18500.0,0.242056,1.107122666305966E-10,18500.0,7.0,0.0,0.834730634888871,1.0,1604.0,1.0,2.6,18500.0,1768.0
18600.0,0.242732,1.1102145744694606E-10,18600.0,7.0,0.0,0.8348429247299961,1.0,1604.0,1.0,2.0,18600.0,1768.0
18700.0,0.243443,1.113466566635503E-10,18700.0,7.0,0.0,0.8354771662839693,1.0,1604.0,1.0,1.8,18700.0,1768.0
18800.0,0.244255,1.1171805154946118E-10,18800.0,7.0,0.0,0.83537243200441,1.0,1604.0,1.0,2.8,18800.0,1768.0
18900.0,0.245281,1.1218732636835843E-10,18900.0,7.0,0.0,0.8349025071683865,1.0,1604.0,1.0,2.2,18900.0,1768.0
19000.0,0.246,1.1251618464787803E-10,19000.0,7.0,0.0,0.8345471442183547,1.0,1604.0,1.0,3.0,19000.0,1768.0
19100.0,0.246735,1.128523610532284E-10,19100.0,7.0,0.0,0.8349332613917239,1.0,1604.0,1.0,3.0,19100.0,1768.0
19200.0,0.24744,1.131748159726461E-10,19200.0,7.0,0.0,0.8349710684640269,1.0,1604.0,1.0,2.4,19200.0,1768.0
19300.0,0.248592,1.1370172103246055E-10,19300.0,7.0,0.0,0.8351625735691012,1.0,1604.0,1.0,2.6,19300.0,1768.0
19400.0,0.249478,1.1410696225033869E-10,19400.0,7.0,0.0,0.8350479404654486,1.0,1604.0,1.0,2.6,19400.0,1768.0
19500.0,0.250361,1.1451083131962355E-10,19500.0,7.0,0.0,0.8352486796885858,1.0,1604.0,1.0,2.6,19500.0,1768.0
19600.0,0.251118,1.1485707014799121E-10,19600.0,7.0,0.0,0.8351007510929997,1.0,1604.0,1.0,2.4,19600.0,1768.0
19700.0,0.251808,1.1517266432444258E-10,19700.0,7.0,0.0,0.8349235080529953,1.0,1604.0,1.0,2.4,19700.0,1768.0
19800.0,0.252711,1.1558568105101589E-10,19800.0,7.0,0.0,0.8350474314126768,1.0,1604.0,1.0,1.8,19800.0,1768.0
19900.0,0.253924,1.1614048646556011E-10,19900.0,7.0,0.0,0.8348242290002419,1.0,1604.0,1.0,2.4,19900.0,1768.0
20000.0,0.255144,1.1669849356015528E-10,20000.0,7.0,0.0,0.8348906982401757,1.0,1604.0,1.0,2.6,20000.0,1768.0
20100.0,0.256395,1.1727067952354754E-10,20100.0,7.0,0.0,0.8346099601809689,1.0,1604.0,1.0,2.6,20100.0,1768.0
20200.0,0.257578,1.1781176345215907E-10,20200.0,7.0,0.0,0.8352036372001059,1.0,1604.0,1.0,3.0,20200.0,1768.0
20300.0,0.258782,1.1836245242092348E-10,20300.0,7.0,0.0,0.8353197313605922,1.0,1604.0,1.0,1.8,20300.0,1768.0
20400.0,0.259981,1.1891085447536578E-10,20400.0,7.0,0.0,0.8354322934826974,1.0,1604.0,1.0,2.2,20400.0,1768.0
20500.0,0.261249,1.1949081594745322E-10,20500.0,7.0,0.0,0.835681668031346,1.0,1604.0,1.0,3.6,20500.0,1768.0
20600.0,0.262488,1.200575133164724E-10,20600.0,7.0,0.0,0.8356868253397487,1.0,1604.0,1.0,2.6,20600.0,1768.0
20700.0,0.263731,1.2062604021694928E-10,20700.0,7.0,0.0,0.8355808097645322,1.0,1604.0,1.0,2.2,20700.0,1768.0
20800.0,0.265031,1.2122063794069822E-10,20800.0,7.0,0.0,0.8355830240028882,1.0,1604.0,1.0,2.4,20800.0,1768.0
20900.0,0.266229,1.217685826122761E-10,20900.0,7.0,0.0,0.8356557938090554,1.0,1604.0,1.0,2.8,20900.0,1768.0
21000.0,0.267371,1.2229091384344632E-10,21000.0,7.0,0.0,0.8357514823061583,1.0,1604.0,1.0,2.6,21000.0,1768.0
21100.0,0.268498,1.2280638433165023E-10,21100.0,7.0,0.0,0.8352766037325324,1.0,1604.0,1.0,2.4,21100.0,1768.0
21200.0,0.269726,1.2336805048916079E-10,21200.0,7.0,0.0,0.8354302746104237,1.0,1604.0,1.0,3.0,21200.0,1768.0
21300.0,0.270833,1.2387437332007624E-10,21300.0,7.0,0.0,0.8351777781861216,1.0,1604.0,1.0,3.0,21300.0,1768.0
21400.0,0.271978,1.2439807669983973E-10,21400.0,7.0,0.0,0.8354752963562457,1.0,1604.0,1.0,2.4,21400.0,1768.0
21500.0,0.27319,1.2495242473151952E-10,21500.0,8.0,0.0,0.8359818859800953,1.0,1604.0,1.0,2.6,21500.0,1768.0
21600.0,0.274457,1.2553192882074254E-10,21600.0,8.0,0.0,0.8363108819247955,1.0,1604.0,1.0,1.8,21600.0,1768.0
21700.0,0.275668,1.2608581946955791E-10,21700.0,8.0,0.0,0.8367934805943485,1.0,1604.0,1.0,2.0,21700.0,1768.0
21800.0,0.276862,1.266319346096781E-10,21800.0,8.0,0.0,0.8367146056404741,1.0,1604.0,1.0,3.8,21800.0,1768.0
21900.0,0.278916,1.2757139901320143E-10,21900.0,8.0,0.0,0.8367652941794025,1.0,1604.0,1.0,2.6,21900.0,1768.0
22000.0,0.280235,1.281746870113744E-10,22000.0,8.0,0.0,0.8369130202644913,1.0,1604.0,1.0,2.6,22000.0,1768.0
22100.0,0.281437,1.2872446121440998E-10,22100.0,8.0,0.0,0.8366764006057726,1.0,1604.0,1.0,3.4,22100.0,1768.0
22200.0,0.282587,1.2925045150849558E-10,22200.0,8.0,0.0,0.8367747754042343,1.0,1604.0,1.0,1.8,22200.0,1768.0
22300.0,0.283751,1.297828451626831E-10,22300.0,8.0,0.0,0.8371648096408337,1.0,1604.0,1.0,1.8,22300.0,1768.0
22400.0,0.284871,1.3029511397083606E-10,22400.0,8.0,0.0,0.8370182712960968,1.0,1604.0,1.0,3.6,22400.0,1768.0
22500.0,0.286006,1.3081424352195532E-10,22500.0,8.0,0.0,0.8371060635885148,1.0,1604.0,1.0,2.4,22500.0,1768.0
22600.0,0.286693,1.311284655498134E-10,22600.0,8.0,0.0,0.8370294248457846,1.0,1604.0,1.0,2.6,22600.0,1768.0
22700.0,0.28738,1.314426875776715E-10,22700.0,8.0,0.0,0.8371324590077285,1.0,1604.0,1.0,1.8,22700.0,1768.0
22800.0,0.288068,1.3175736698839401E-10,22800.0,8.0,0.0,0.8368797769545168,1.0,1604.0,1.0,3.6,22800.0,1768.0
22900.0,0.288889,1.321328783200847E-10,22900.0,8.0,0.0,0.8368673339839308,1.0,1604.0,1.0,2.4,22900.0,1768.0
23000.0,0.28962,1.3246722519397737E-10,23000.0,9.0,0.0,0.8370122187905934,1.0,1604.0,1.0,2.8,23000.0,1768.0
23100.0,0.290716,1.3296851681338417E-10,23100.0,9.0,0.0,0.8370574842398394,1.0,1604.0,1.0,2.0,23100.0,1768.0
23200.0,0.291943,1.335297255880303E-10,23200.0,9.0,0.0,0.8369838823756566,1.0,1604.0,1.0,1.8,23200.0,1768.0
23300.0,0.292939,1.3398527892099488E-10,23300.0,9.0,0.0,0.836642821618097,1.0,1604.0,1.0,2.4,23300.0,1768.0
23400.0,0.293795,1.3437679865294035E-10,23400.0,9.0,0.0,0.836690001693332,1.0,1604.0,1.0,2.4,23400.0,1768.0
23500.0,0.294912,1.3488769531250003E-10,23500.0,9.0,0.0,0.8365724873013056,1.0,1604.0,1.0,2.8,23500.0,1768.0
23600.0,0.296017,1.3539310337768663E-10,23600.0,9.0,0.0,0.836169282616689,1.0,1604.0,1.0,2.8,23600.0,1768.0
23700.0,0.29722,1.3594333496358662E-10,23700.0,9.0,0.0,0.8362247827521695,1.0,1604.0,1.0,2.2,23700.0,1768.0
23800.0,0.297911,1.362593865229024E-10,23800.0,9.0,0.0,0.8364305684771589,1.0,1604.0,1.0,3.0,23800.0,1768.0
23900.0,0.298567,1.365594296819634E-10,23900.0,9.0,0.0,0.8363479756148939,1.0,1604.0,1.0,2.8,23900.0,1768.0
24000.0,0.299211,1.3685398424665135E-10,24000.0,9.0,0.0,0.8361569695903138,1.0,1604.0,1.0,3.0,24000.0,1768.0
24100.0,0.29997,1.3720113784074785E-10,24100.0,9.0,0.0,0.8363321462392661,1.0,1604.0,1.0,1.8,24100.0,1768.0
24200.0,0.301108,1.3772163954046039E-10,24200.0,9.0,0.0,0.8364243574096594,1.0,1604.0,1.0,2.0,24200.0,1768.0
24300.0,0.30202,1.381387727128135E-10,24300.0,9.0,0.0,0.8358313088479152,1.0,1604.0,1.0,2.6,24300.0,1768.0
24400.0,0.302814,1.3850193470716478E-10,24400.0,9.0,0.0,0.8359413043133103,1.0,1604.0,1.0,3.6,24400.0,1768.0
24500.0,0.303565,1.388454292383459E-10,24500.0,9.0,0.0,0.8360160921520697,1.0,1604.0,1.0,1.8,24500.0,1768.0
24600.0,0.304253,1.391601086490684E-10,24600.0,9.0,0.0,0.8360267199852224,1.0,1604.0,1.0,3.0,24600.0,1768.0
24700.0,0.304946,1.3947707497411304E-10,24700.0,9.0,0.0,0.8360744579726561,1.0,1604.0,1.0,2.0,24700.0,1768.0
24800.0,0.305639,1.3979404129915766E-10,24800.0,9.0,0.0,0.8360713539224907,1.0,1604.0,1.0,2.2,24800.0,1768.0
24900.0,0.30629,1.4009179754389656E-10,24900.0,9.0,0.0,0.8361973236041176,1.0,1604.0,1.0,2.6,24900.0,1768.0
25000.0,0.30697,1.404028178917037E-10,25000.0,9.0,0.0,0.8363966547040941,1.0,1604.0,1.0,2.2,25000.0,1768.0
25100.0,0.307632,1.4070560534795124E-10,25100.0,9.0,0.0,0.8364399123155659,1.0,1604.0,1.0,2.8,25100.0,1768.0
25200.0,0.308313,1.410170830786228E-10,25200.0,9.0,0.0,0.8364675857393579,1.0,1604.0,1.0,2.2,25200.0,1768.0
25300.0,0.308956,1.413111802604463E-10,25300.0,9.0,0.0,0.8360732149817554,1.0,1604.0,1.0,2.8,25300.0,1768.0
25400.0,0.309599,1.4160527744226982E-10,25400.0,9.0,0.0,0.8361221871013859,1.0,1604.0,1.0,2.6,25400.0,1768.0
25500.0,0.310267,1.419108091957039E-10,25500.0,9.0,0.0,0.8359649171132114,1.0,1604.0,1.0,3.2,25500.0,1768.0
25600.0,0.310911,1.4220536376039184E-10,25600.0,9.0,0.0,0.8357422872047003,1.0,1604.0,1.0,1.4,25600.0,1768.0
25700.0,0.311602,1.4252141531970762E-10,25700.0,9.0,0.0,0.8354689173500663,1.0,1604.0,1.0,3.6,25700.0,1768.0
25800.0,0.31226,1.4282237324449747E-10,25800.0,9.0,0.0,0.8352713233258532,1.0,1604.0,1.0,1.8,25800.0,1768.0
25900.0,0.312995,1.4315854964984783E-10,25900.0,9.0,0.0,0.8352601940041277,1.0,1604.0,1.0,2.8,25900.0,1768.0
26000.0,0.313695,1.4347871765494342E-10,26000.0,10.0,0.0,0.8351838103635226,1.0,1604.0,1.0,2.4,26000.0,1768.0
26100.0,0.314346,1.4377647389968231E-10,26100.0,10.0,0.0,0.8351104233866748,1.0,1604.0,1.0,3.2,26100.0,1768.0
26200.0,0.315043,1.4409526975618463E-10,26200.0,10.0,0.0,0.8353839133554675,1.0,1604.0,1.0,2.6,26200.0,1768.0
26300.0,0.315704,1.4439759982956776E-10,26300.0,10.0,0.0,0.8355655628808745,1.0,1604.0,1.0,2.0,26300.0,1768.0
26400.0,0.316502,1.4476259135537672E-10,26400.0,10.0,0.0,0.8353733804807698,1.0,1604.0,1.0,3.2,26400.0,1768.0
26500.0,0.317735,1.4532654442720937E-10,26500.0,10.0,0.0,0.8355628730701181,1.0,1604.0,1.0,3.4,26500.0,1768.0
26600.0,0.318494,1.4567369802130587E-10,26600.0,10.0,0.0,0.8353272843783005,1.0,1604.0,1.0,3.0,26600.0,1768.0
26700.0,0.319164,1.459801445404688E-10,26700.0,10.0,0.0,0.8350148932090571,1.0,1604.0,1.0,3.2,26700.0,1768.0
26800.0,0.319839,1.4628887797395384E-10,26800.0,10.0,0.0,0.835100955441655,1.0,1604.0,1.0,2.6,26800.0,1768.0
26900.0,0.320476,1.4658023085859082E-10,26900.0,10.0,0.0,0.8348671405023955,1.0,1604.0,1.0,2.6,26900.0,1768.0
27000.0,0.321167,1.468962824179066E-10,27000.0,11.0,0.0,0.8353937515151859,1.0,1604.0,1.0,3.2,27000.0,1768.0
27100.0,0.321811,1.4719083698259454E-10,27100.0,11.0,0.0,0.8354784272390532,1.0,1604.0,1.0,2.4,27100.0,1768.0
27200.0,0.322487,1.47500027798944E-10,27200.0,11.0,0.0,0.8354663361006086,1.0,1604.0,1.0,2.8,27200.0,1768.0
27300.0,0.323161,1.4780830384956462E-10,27300.0,11.0,0.0,0.8355923495226322,1.0,1604.0,1.0,1.8,27300.0,1768.0
27400.0,0.323991,1.481879316270351E-10,27400.0,11.0,0.0,0.8353579702306612,1.0,1604.0,1.0,2.4,27400.0,1768.0
27500.0,0.325303,1.4878801794515711E-10,27500.0,11.0,0.0,0.835111958742882,1.0,1604.0,1.0,2.8,27500.0,1768.0
27600.0,0.326345,1.492646108898851E-10,27600.0,11.0,0.0,0.8348026226254628,1.0,1604.0,1.0,2.2,27600.0,1768.0
27700.0,0.327112,1.49615423546897E-10,27700.0,11.0,0.0,0.8347863662244482,1.0,1604.0,1.0,2.6,27700.0,1768.0
27800.0,0.327787,1.4992415698038204E-10,27800.0,11.0,0.0,0.834935692536259,1.0,1604.0,1.0,3.0,27800.0,1768.0
27900.0,0.328462,1.5023289041386708E-10,27900.0,11.0,0.0,0.8351729385035844,1.0,1604.0,1.0,3.2,27900.0,1768.0
28000.0,0.329401,1.5066237292355959E-10,28000.0,11.0,0.0,0.8350549911707935,1.0,1604.0,1.0,1.6,28000.0,1768.0
28100.0,0.33061,1.512153488066461E-10,28100.0,11.0,0.0,0.8345861757090958,1.0,1604.0,1.0,3.2,28100.0,1768.0
28200.0,0.331362,1.5155930072069166E-10,28200.0,11.0,0.0,0.8343453340668622,1.0,1604.0,1.0,2.8,28200.0,1768.0
28300.0,0.332167,1.5192749392655158E-10,28300.0,11.0,0.0,0.8345741138455076,1.0,1604.0,1.0,2.0,28300.0,1768.0
28400.0,0.333429,1.525047111014525E-10,28400.0,11.0,0.0,0.8344906566126848,1.0,1604.0,1.0,3.8,28400.0,1768.0
28500.0,0.334601,1.530407638185554E-10,28500.0,11.0,0.0,0.8342823709599051,1.0,1604.0,1.0,2.6,28500.0,1768.0
28600.0,0.335764,1.535727000898785E-10,28600.0,11.0,0.0,0.8339698537755694,1.0,1604.0,1.0,3.0,28600.0,1768.0
28700.0,0.336971,1.5412476120723618E-10,28700.0,11.0,0.0,0.833859147451348,1.0,1604.0,1.0,2.8,28700.0,1768.0
28800.0,0.338276,1.5472164584530724E-10,28800.0,11.0,0.0,0.8336057814978234,1.0,1604.0,1.0,2.8,28800.0,1768.0
28900.0,0.338976,1.5504181385040282E-10,28900.0,11.0,0.0,0.8338105783261516,1.0,1604.0,1.0,2.6,28900.0,1768.0
29000.0,0.33964,1.5534551607237922E-10,29000.0,11.0,0.0,0.833845144023939,1.0,1604.0,1.0,2.2,29000.0,1768.0
29100.0,0.340386,1.5568672368923822E-10,29100.0,11.0,0.0,0.8338473430623057,1.0,1604.0,1.0,3.8,29100.0,1768.0
29200.0,0.341154,1.5603799372911453E-10,29200.0,11.0,0.0,0.8338570826487042,1.0,1604.0,1.0,2.8,29200.0,1768.0
29300.0,0.3419,1.5637920134597354E-10,29300.0,11.0,0.0,0.8338231830024068,1.0,1604.0,1.0,1.8,29300.0,1768.0
29400.0,0.342597,1.5669799720247586E-10,29400.0,11.0,0.0,0.8336254102154529,1.0,1604.0,1.0,3.0,29400.0,1768.0
29500.0,0.343324,1.5703051454491086E-10,29500.0,11.0,0.0,0.8334725116318189,1.0,1604.0,1.0,1.8,29500.0,1768.0
29600.0,0.344493,1.575651951134205E-10,29600.0,11.0,0.0,0.8333876286237796,1.0,1604.0,1.0,2.2,29600.0,1768.0
29700.0,0.345773,1.5815064517988102E-10,29700.0,11.0,0.0,0.8332694173461487,1.0,1604.0,1.0,2.4,29700.0,1768.0
29800.0,0.348036,1.5918570260206861E-10,29800.0,11.0,0.0,0.833528165871639,1.0,1604.0,1.0,3.2,29800.0,1768.0
29900.0,0.34923,1.597318177421888E-10,29900.0,11.0,0.0,0.8334261522809812,1.0,1604.0,1.0,3.0,29900.0,1768.0
30000.0,0.350418,1.6027518858512244E-10,30000.0,11.0,0.0,0.8336806490458962,1.0,1604.0,1.0,1.4,30000.0,1768.0
30100.0,0.351282,1.606703673799833E-10,30100.0,11.0,0.0,0.8335238629813412,1.0,1604.0,1.0,2.4,30100.0,1768.0
30200.0,0.352058,1.6102529648277498E-10,30200.0,11.0,0.0,0.8334983212203809,1.0,1604.0,1.0,2.2,30200.0,1768.0
30300.0,0.353224,1.6155860490269135E-10,30300.0,12.0,0.0,0.833614439671276,1.0,1604.0,1.0,3.0,30300.0,1768.0
30400.0,0.353953,1.6189203701085517E-10,30400.0,12.0,0.0,0.8333519450271754,1.0,1604.0,1.0,2.8,30400.0,1768.0
30500.0,0.354668,1.622190657589171E-10,30500.0,12.0,0.0,0.8336042886539182,1.0,1604.0,1.0,1.8,30500.0,1768.0
30600.0,0.355399,1.6255341263280977E-10,30600.0,12.0,0.0,0.8337494084529207,1.0,1604.0,1.0,2.2,30600.0,1768.0
30700.0,0.356133,1.628891316552957E-10,30700.0,12.0,0.0,0.8335457250780877,1.0,1604.0,1.0,3.0,30700.0,1768.0
30800.0,0.356816,1.632015241516961E-10,30800.0,12.0,0.0,0.833721335407357,1.0,1604.0,1.0,3.4,30800.0,1768.0
30900.0,0.35763,1.6357383380333583E-10,30900.0,12.0,0.0,0.8337081989274092,1.0,1604.0,1.0,2.6,30900.0,1768.0
31000.0,0.358729,1.640764975713359E-10,31000.0,12.0,0.0,0.8335995747934031,1.0,1604.0,1.0,2.6,31000.0,1768.0
31100.0,0.359824,1.6457733180787828E-10,31100.0,12.0,0.0,0.833289040227411,1.0,1604.0,1.0,1.8,31100.0,1768.0
31200.0,0.360917,1.6507725127869181E-10,31200.0,12.0,0.0,0.8332873367288727,1.0,1604.0,1.0,2.6,31200.0,1768.0
31300.0,0.362128,1.6563114192750718E-10,31300.0,12.0,0.0,0.8330880574376973,1.0,1604.0,1.0,3.4,31300.0,1768.0
31400.0,0.363244,1.6614158120420244E-10,31400.0,12.0,0.0,0.8331116879103139,1.0,1604.0,1.0,3.0,31400.0,1768.0
31500.0,0.364362,1.6665293524662654E-10,31500.0,12.0,0.0,0.8331212947585833,1.0,1604.0,1.0,2.4,31500.0,1768.0
31600.0,0.365521,1.6718304198649196E-10,31600.0,12.0,0.0,0.8330306131400994,1.0,1604.0,1.0,2.4,31600.0,1768.0
31700.0,0.366789,1.677630034585794E-10,31700.0,12.0,0.0,0.8327315577999639,1.0,1604.0,1.0,1.8,31700.0,1768.0
31800.0,0.368058,1.6834342231353126E-10,31800.0,12.0,0.0,0.8326542498582202,1.0,1604.0,1.0,2.2,31800.0,1768.0
31900.0,0.36931,1.6891606565978794E-10,31900.0,12.0,0.0,0.8325564880434055,1.0,1604.0,1.0,3.4,31900.0,1768.0
32000.0,0.370362,1.6939723243316017E-10,32000.0,12.0,0.0,0.832565094083999,1.0,1604.0,1.0,2.0,32000.0,1768.0
32100.0,0.371064,1.697183152039846E-10,32100.0,12.0,0.0,0.8325020385135453,1.0,1604.0,1.0,2.8,32100.0,1768.0
32200.0,0.371751,1.700325372318427E-10,32200.0,12.0,0.0,0.8321352181954239,1.0,1604.0,1.0,2.8,32200.0,1768.0
32300.0,0.372514,1.7038152035739689E-10,32300.0,12.0,0.0,0.8321120404250916,1.0,1604.0,1.0,2.2,32300.0,1768.0
32400.0,0.37324,1.7071358031696746E-10,32400.0,12.0,0.0,0.832070858065464,1.0,1604.0,1.0,1.4,32400.0,1768.0
32500.0,0.373916,1.7102277113331693E-10,32500.0,12.0,0.0,0.8321208498016374,1.0,1604.0,1.0,4.0,32500.0,1768.0
32600.0,0.374606,1.713383653097683E-10,32600.0,12.0,0.0,0.8320161135277814,1.0,1604.0,1.0,2.4,32600.0,1768.0
32700.0,0.375823,1.718950002557702E-10,32700.0,12.0,0.0,0.8317241512060565,1.0,1604.0,1.0,2.4,32700.0,1768.0
32800.0,0.37698,1.7242419222990676E-10,32800.0,12.0,0.0,0.8319123965103066,1.0,1604.0,1.0,1.8,32800.0,1768.0
32900.0,0.378186,1.7297579596440002E-10,32900.0,12.0,0.0,0.8318663158808919,1.0,1604.0,1.0,2.0,32900.0,1768.0
33000.0,0.379307,1.734885221554174E-10,33000.0,12.0,0.0,0.8320076472472636,1.0,1604.0,1.0,2.4,33000.0,1768.0
33100.0,0.380425,1.739998761978415E-10,33100.0,13.0,0.0,0.8320426465537101,1.0,1604.0,1.0,2.4,33100.0,1768.0
33200.0,0.381541,1.7451031547453675E-10,33200.0,13.0,0.0,0.832088499099297,1.0,1604.0,1.0,2.4,33200.0,1768.0
33300.0,0.38284,1.7510445581542127E-10,33300.0,13.0,0.0,0.8321037617423976,1.0,1604.0,1.0,2.6,33300.0,1768.0
33400.0,0.38416,1.7570820119645867E-10,33400.0,13.0,0.0,0.8323440789901441,1.0,1604.0,1.0,2.6,33400.0,1768.0
33500.0,0.386179,1.7663165719972724E-10,33500.0,13.0,0.0,0.8325684485477308,1.0,1604.0,1.0,2.2,33500.0,1768.0
33600.0,0.387318,1.771526162823042E-10,33600.0,13.0,0.0,0.8324302395449104,1.0,1604.0,1.0,2.6,33600.0,1768.0
33700.0,0.388457,1.7767357536488115E-10,33700.0,13.0,0.0,0.832558946460102,1.0,1604.0,1.0,2.4,33700.0,1768.0
33800.0,0.389607,1.7819956565896676E-10,33800.0,13.0,0.0,0.8325233044630709,1.0,1604.0,1.0,1.8,33800.0,1768.0
33900.0,0.39077,1.7873150193028986E-10,33900.0,13.0,0.0,0.8325357620260325,1.0,1604.0,1.0,2.2,33900.0,1768.0
34000.0,0.392046,1.7931512246529268E-10,34000.0,13.0,0.0,0.8325881693550271,1.0,1604.0,1.0,3.4,34000.0,1768.0
34100.0,0.39326,1.7987038526270132E-10,34100.0,14.0,0.0,0.8328921305458054,1.0,1604.0,1.0,2.8,34100.0,1768.0
34200.0,0.394484,1.804302218887542E-10,34200.0,14.0,0.0,0.8327730898096771,1.0,1604.0,1.0,2.0,34200.0,1768.0
34300.0,0.395682,1.8097816656033206E-10,34300.0,14.0,0.0,0.8328351697980163,1.0,1604.0,1.0,1.8,34300.0,1768.0
34400.0,0.396951,1.8155858541528393E-10,34400.0,14.0,0.0,0.8325560482558694,1.0,1604.0,1.0,2.2,34400.0,1768.0
34500.0,0.398132,1.8209875457816661E-10,34500.0,14.0,0.0,0.8329278065161251,1.0,1604.0,1.0,3.2,34500.0,1768.0
34600.0,0.399223,1.825977592832513E-10,34600.0,14.0,0.0,0.83301145527996,1.0,1604.0,1.0,3.6,34600.0,1768.0
34700.0,0.400339,1.8310819855994656E-10,34700.0,14.0,0.0,0.8328305408697736,1.0,1604.0,1.0,3.0,34700.0,1768.0
34800.0,0.401443,1.8361314924226874E-10,34800.0,14.0,0.0,0.8330635609206682,1.0,1604.0,1.0,2.6,34800.0,1768.0
34900.0,0.402603,1.8414371336499858E-10,34900.0,14.0,0.0,0.8330793345146785,1.0,1604.0,1.0,2.0,34900.0,1768.0
35000.0,0.403717,1.84653237875965E-10,35000.0,14.0,0.0,0.8329918816087281,1.0,1604.0,1.0,2.6,35000.0,1768.0
35100.0,0.404822,1.851586459411516E-10,35100.0,14.0,0.0,0.8329588077254766,1.0,1604.0,1.0,2.6,35100.0,1768.0
35200.0,0.405966,1.8568189193805067E-10,35200.0,14.0,0.0,0.8328641913859389,1.0,1604.0,1.0,2.6,35200.0,1768.0
35300.0,0.407048,1.8617678019735555E-10,35300.0,14.0,0.0,0.8329195717361892,1.0,1604.0,1.0,2.8,35300.0,1768.0
35400.0,0.408154,1.8668264564540658E-10,35400.0,14.0,0.0,0.8330658926228802,1.0,1604.0,1.0,2.6,35400.0,1768.0
35500.0,0.409371,1.8723928059140848E-10,35500.0,14.0,0.0,0.8329015537687999,1.0,1604.0,1.0,3.2,35500.0,1768.0
35600.0,0.410533,1.8777075947986716E-10,35600.0,14.0,0.0,0.8326971651119853,1.0,1604.0,1.0,2.6,35600.0,1768.0
35700.0,0.411635,1.882747953964605E-10,35700.0,14.0,0.0,0.8324764992449403,1.0,1604.0,1.0,2.0,35700.0,1768.0
35800.0,0.412801,1.8880810381637687E-10,35800.0,14.0,0.0,0.8323100269067525,1.0,1604.0,1.0,2.6,35800.0,1768.0
35900.0,0.413922,1.8932083000739424E-10,35900.0,14.0,0.0,0.8325442986816834,1.0,1604.0,1.0,2.2,35900.0,1768.0
36000.0,0.415088,1.8985413842731062E-10,36000.0,14.0,0.0,0.8324021970636071,1.0,1604.0,1.0,2.8,36000.0,1768.0
36100.0,0.416202,1.9036366293827703E-10,36100.0,14.0,0.0,0.8322157060931569,1.0,1604.0,1.0,3.4,36100.0,1768.0
36200.0,0.417295,1.9086358240909056E-10,36200.0,14.0,0.0,0.8321516858093336,1.0,1604.0,1.0,2.2,36200.0,1768.0
36300.0,0.418436,1.9138545625739636E-10,36300.0,14.0,0.0,0.8321203670943625,1.0,1604.0,1.0,2.0,36300.0,1768.0
36400.0,0.419432,1.9184100959036094E-10,36400.0,14.0,0.0,0.832104346303985,1.0,1604.0,1.0,2.2,36400.0,1768.0
36500.0,0.420104,1.921483708752527E-10,36500.0,14.0,0.0,0.8320874815643691,1.0,1604.0,1.0,3.8,36500.0,1768.0
36600.0,0.420785,1.9245984860592426E-10,36600.0,14.0,0.0,0.8326800843178259,1.0,1604.0,1.0,2.4,36600.0,1768.0
36700.0,0.421463,1.9276995418800255E-10,36700.0,14.0,0.0,0.8325487546541596,1.0,1604.0,1.0,2.6,36700.0,1768.0
36800.0,0.422124,1.9307228426138567E-10,36800.0,14.0,0.0,0.8324476666747911,1.0,1604.0,1.0,2.6,36800.0,1768.0
36900.0,0.422768,1.933668388260736E-10,36900.0,14.0,0.0,0.8325511520475023,1.0,1604.0,1.0,1.6,36900.0,1768.0
37000.0,0.423443,1.9367557225955865E-10,37000.0,14.0,0.0,0.8324841633105085,1.0,1604.0,1.0,3.0,37000.0,1768.0
37100.0,0.424189,1.9401677987641766E-10,37100.0,14.0,0.0,0.8323678283180704,1.0,1604.0,1.0,2.8,37100.0,1768.0
37200.0,0.42488,1.9433283143573344E-10,37200.0,14.0,0.0,0.8323724171413031,1.0,1604.0,1.0,3.4,37200.0,1768.0
37300.0,0.425529,1.946296729147435E-10,37300.0,14.0,0.0,0.8325238591483364,1.0,1604.0,1.0,2.0,37300.0,1768.0
37400.0,0.426238,1.9495395736561888E-10,37400.0,14.0,0.0,0.8325871410454628,1.0,1604.0,1.0,2.6,37400.0,1768.0
37500.0,0.426896,1.9525491529040874E-10,37500.0,14.0,0.0,0.8326240228798953,1.0,1604.0,1.0,2.2,37500.0,1768.0
37600.0,0.427552,1.9555495844946975E-10,37600.0,14.0,0.0,0.8328143718042407,1.0,1604.0,1.0,2.2,37600.0,1768.0
37700.0,0.428234,1.9586689356300572E-10,37700.0,14.0,0.0,0.8325900426037731,1.0,1604.0,1.0,2.8,37700.0,1768.0
37800.0,0.428884,1.961641924248802E-10,37800.0,14.0,0.0,0.832366822799002,1.0,1604.0,1.0,2.0,37800.0,1768.0
37900.0,0.429529,1.9645920437243256E-10,37900.0,14.0,0.0,0.8324139967907384,1.0,1604.0,1.0,2.0,37900.0,1768.0
38000.0,0.430175,1.9675467370284934E-10,38000.0,14.0,0.0,0.8322924163254323,1.0,1604.0,1.0,2.2,38000.0,1768.0
38100.0,0.430847,1.9706203498774111E-10,38100.0,14.0,0.0,0.8323981705168725,1.0,1604.0,1.0,3.4,38100.0,1768.0
38200.0,0.431491,1.9735658955242905E-10,38200.0,14.0,0.0,0.8327699292328673,1.0,1604.0,1.0,2.8,38200.0,1768.0
38300.0,0.432128,1.9764794243706603E-10,38300.0,14.0,0.0,0.8328933048419681,1.0,1604.0,1.0,3.2,38300.0,1768.0
38400.0,0.432794,1.9795255942477126E-10,38400.0,14.0,0.0,0.8329331987173945,1.0,1604.0,1.0,2.4,38400.0,1768.0
38500.0,0.433543,1.9829513919022354E-10,38500.0,14.0,0.0,0.8328939852244497,1.0,1604.0,1.0,2.8,38500.0,1768.0
38600.0,0.434201,1.985960971150134E-10,38600.0,14.0,0.0,0.8329138041780995,1.0,1604.0,1.0,2.6,38600.0,1768.0
38700.0,0.434889,1.989107765257359E-10,38700.0,14.0,0.0,0.8330468078094982,1.0,1604.0,1.0,2.2,38700.0,1768.0
38800.0,0.435599,1.9923551835947572E-10,38800.0,14.0,0.0,0.8329564355311557,1.0,1604.0,1.0,2.6,38800.0,1768.0
38900.0,0.436249,1.995328172213502E-10,38900.0,14.0,0.0,0.8330923062993999,1.0,1604.0,1.0,2.6,38900.0,1768.0
39000.0,0.436891,1.998264570203093E-10,39000.0,14.0,0.0,0.8329611390907451,1.0,1604.0,1.0,2.8,39000.0,1768.0
39100.0,0.437533,2.0012009681926838E-10,39100.0,14.0,0.0,0.8330001691811452,1.0,1604.0,1.0,3.4,39100.0,1768.0
39200.0,0.438214,2.0043157454993993E-10,39200.0,14.0,0.0,0.8330110708721049,1.0,1604.0,1.0,2.0,39200.0,1768.0
39300.0,0.43886,2.0072704388035671E-10,39300.0,14.0,0.0,0.8329154629178016,1.0,1604.0,1.0,2.6,39300.0,1768.0
39400.0,0.439601,2.010659645828936E-10,39400.0,14.0,0.0,0.8326713451921112,1.0,1604.0,1.0,3.0,39400.0,1768.0
39500.0,0.440326,2.0139756715959976E-10,39500.0,14.0,0.0,0.8326794953686987,1.0,1604.0,1.0,1.8,39500.0,1768.0
39600.0,0.440988,2.017003546158473E-10,39600.0,14.0,0.0,0.8327457051612054,1.0,1604.0,1.0,2.6,39600.0,1768.0
39700.0,0.441639,2.019981108605862E-10,39700.0,14.0,0.0,0.8327800964107113,1.0,1604.0,1.0,3.4,39700.0,1768.0
39800.0,0.442279,2.0229083589381645E-10,39800.0,14.0,0.0,0.8326864644744015,1.0,1604.0,1.0,3.0,39800.0,1768.0
39900.0,0.442948,2.0259682503011496E-10,39900.0,14.0,0.0,0.8329805911540463,1.0,1604.0,1.0,2.4,39900.0,1768.0
40000.0,0.443591,2.0289092221193847E-10,40000.0,14.0,0.0,0.8330132031530713,1.0,1604.0,1.0,2.6,40000.0,1768.0
40100.0,0.444231,2.0318364724516872E-10,40100.0,14.0,0.0,0.8328148259336499,1.0,1604.0,1.0,3.2,40100.0,1768.0
40200.0,0.444861,2.0347179844975473E-10,40200.0,14.0,0.0,0.832986826996201,1.0,1604.0,1.0,2.8,40200.0,1768.0
40300.0,0.445929,2.0396028334895772E-10,40300.0,14.0,0.0,0.8327131526286383,1.0,1604.0,1.0,2.8,40300.0,1768.0
40400.0,0.446941,2.0442315480775306E-10,40400.0,14.0,0.0,0.8327315865431849,1.0,1604.0,1.0,2.4,40400.0,1768.0
40500.0,0.447605,2.0472685702972945E-10,40500.0,14.0,0.0,0.8330238860879633,1.0,1604.0,1.0,2.8,40500.0,1768.0
40600.0,0.448332,2.0505937437216446E-10,40600.0,14.0,0.0,0.8331029811525197,1.0,1604.0,1.0,3.0,40600.0,1768.0
40700.0,0.448979,2.0535530108544566E-10,40700.0,14.0,0.0,0.8328903141639424,1.0,1604.0,1.0,2.6,40700.0,1768.0
40800.0,0.449623,2.056498556501336E-10,40800.0,14.0,0.0,0.832829845730943,1.0,1604.0,1.0,2.2,40800.0,1768.0
40900.0,0.450265,2.059434954490927E-10,40900.0,14.0,0.0,0.8329495974238736,1.0,1604.0,1.0,2.2,40900.0,1768.0
41000.0,0.450929,2.0624719767106908E-10,41000.0,14.0,0.0,0.8326508021286338,1.0,1604.0,1.0,2.4,41000.0,1768.0
41100.0,0.451573,2.0654175223575702E-10,41100.0,15.0,0.0,0.8327567438611249,1.0,1604.0,1.0,3.4,41100.0,1768.0
41200.0,0.45221,2.06833105120394E-10,41200.0,15.0,0.0,0.8326525689665135,1.0,1604.0,1.0,2.8,41200.0,1768.0
41300.0,0.452864,2.0713223351372616E-10,41300.0,15.0,0.0,0.8326072467546533,1.0,1604.0,1.0,2.6,41300.0,1768.0
41400.0,0.453505,2.0742541592982083E-10,41400.0,15.0,0.0,0.8325477200524932,1.0,1604.0,1.0,2.6,41400.0,1768.0
41500.0,0.454196,2.077414674891366E-10,41500.0,15.0,0.0,0.8325021620646892,1.0,1604.0,1.0,3.0,41500.0,1768.0
41600.0,0.45484,2.0803602205382454E-10,41600.0,15.0,0.0,0.8326423903594131,1.0,1604.0,1.0,2.4,41600.0,1768.0
41700.0,0.455552,2.083616786532932E-10,41700.0,15.0,0.0,0.8322864253645046,1.0,1604.0,1.0,1.6,41700.0,1768.0
41800.0,0.456216,2.086653808752696E-10,41800.0,15.0,0.0,0.832361902252357,1.0,1604.0,1.0,3.2,41800.0,1768.0
41900.0,0.456908,2.089818898174498E-10,41900.0,15.0,0.0,0.8321803518582213,1.0,1604.0,1.0,2.0,41900.0,1768.0
42000.0,0.457575,2.0928696418801946E-10,42000.0,15.0,0.0,0.832207241893106,1.0,1604.0,1.0,2.4,42000.0,1768.0
42100.0,0.458258,2.0959935668441986E-10,42100.0,15.0,0.0,0.832167223375945,1.0,1604.0,1.0,2.4,42100.0,1768.0
42200.0,0.458929,2.099062605864472E-10,42200.0,15.0,0.0,0.8319904854747583,1.0,1604.0,1.0,3.8,42200.0,1768.0
42300.0,0.459591,2.1020904804269476E-10,42300.0,16.0,0.0,0.8318917311949405,1.0,1604.0,1.0,1.8,42300.0,1768.0
42400.0,0.460284,2.1052601436773938E-10,42400.0,16.0,0.0,0.8320239768366117,1.0,1604.0,1.0,2.6,42400.0,1768.0
42500.0,0.460943,2.1082742967539366E-10,42500.0,16.0,0.0,0.8319120220209155,1.0,1604.0,1.0,2.0,42500.0,1768.0
42600.0,0.461592,2.111242711544037E-10,42600.0,16.0,0.0,0.8319522977512158,1.0,1604.0,1.0,2.4,42600.0,1768.0
42700.0,0.462235,2.1141836833622722E-10,42700.0,16.0,0.0,0.8320888834287905,1.0,1604.0,1.0,2.4,42700.0,1768.0
42800.0,0.463054,2.1179296490218907E-10,42800.0,16.0,0.0,0.8319856638389181,1.0,1604.0,1.0,3.8,42800.0,1768.0
42900.0,0.463608,2.12046355009079E-10,42900.0,16.0,0.0,0.8318983616150042,1.0,1604.0,1.0,3.0,42900.0,1768.0
43000.0,0.464162,2.1229974511596895E-10,43000.0,16.0,0.0,0.8317864076591621,1.0,1604.0,1.0,3.0,43000.0,1768.0
43100.0,0.464732,2.1256045334868965E-10,43100.0,16.0,0.0,0.83185111837814,1.0,1604.0,1.0,2.4,43100.0,1768.0
43200.0,0.465341,2.128389995131228E-10,43200.0,16.0,0.0,0.8319610379303243,1.0,1604.0,1.0,2.6,43200.0,1768.0
43300.0,0.465942,2.131138866146406E-10,43300.0,16.0,0.0,0.832008014923865,1.0,1604.0,1.0,2.2,43300.0,1768.0
43400.0,0.466494,2.133663619558017E-10,43400.0,17.0,0.0,0.8321126365437901,1.0,1604.0,1.0,2.6,43400.0,1768.0
43500.0,0.467086,2.1363713261153966E-10,43500.0,17.0,0.0,0.8322174612267036,1.0,1604.0,1.0,2.2,43500.0,1768.0
43600.0,0.467639,2.1389006533556518E-10,43600.0,17.0,0.0,0.8323201904334099,1.0,1604.0,1.0,2.4,43600.0,1768.0
43700.0,0.468174,2.1413476516803108E-10,43700.0,17.0,0.0,0.832443770328111,1.0,1604.0,1.0,2.2,43700.0,1768.0
43800.0,0.468756,2.1440096199512483E-10,43800.0,17.0,0.0,0.8323959545334964,1.0,1604.0,1.0,1.8,43800.0,1768.0
43900.0,0.469344,2.1466990311940512E-10,43900.0,17.0,0.0,0.8325047255146394,1.0,1604.0,1.0,2.8,43900.0,1768.0
44000.0,0.469888,2.1491871939765083E-10,44000.0,17.0,0.0,0.8325022348036276,1.0,1604.0,1.0,2.2,44000.0,1768.0
44100.0,0.470556,2.1522425115108491E-10,44100.0,17.0,0.0,0.8326423639676779,1.0,1604.0,1.0,2.2,44100.0,1768.0
44200.0,0.471216,2.1552612384160361E-10,44200.0,17.0,0.0,0.8326076634467432,1.0,1604.0,1.0,2.4,44200.0,1768.0
44300.0,0.471768,2.157785991827647E-10,44300.0,17.0,0.0,0.832558795665002,1.0,1604.0,1.0,2.4,44300.0,1768.0
44400.0,0.472304,2.1602375639809503E-10,44400.0,17.0,0.0,0.8324959045767121,1.0,1604.0,1.0,2.8,44400.0,1768.0
44500.0,0.472837,2.162675414648321E-10,44500.0,17.0,0.0,0.8325101757782679,1.0,1604.0,1.0,3.0,44500.0,1768.0
44600.0,0.473412,2.165305366118749E-10,44600.0,17.0,0.0,0.8322346820989052,1.0,1604.0,1.0,3.0,44600.0,1768.0
44700.0,0.473987,2.1679353175891772E-10,44700.0,17.0,0.0,0.8324076312920966,1.0,1604.0,1.0,4.2,44700.0,1768.0
44800.0,0.474919,2.1721981258855927E-10,44800.0,17.0,0.0,0.8324748584139477,1.0,1604.0,1.0,3.0,44800.0,1768.0
44900.0,0.47584,2.1764106220669219E-10,44900.0,17.0,0.0,0.8323971450336585,1.0,1604.0,1.0,2.6,44900.0,1768.0
45000.0,0.476715,2.1804127221306168E-10,45000.0,17.0,0.0,0.8325713409997911,1.0,1604.0,1.0,2.8,45000.0,1768.0
45100.0,0.477616,2.1845337417390614E-10,45100.0,17.0,0.0,0.8327808294824031,1.0,1604.0,1.0,2.4,45100.0,1768.0
45200.0,0.478472,2.188448939058516E-10,45200.0,17.0,0.0,0.8328111965645388,1.0,1604.0,1.0,1.8,45200.0,1768.0
45300.0,0.479365,2.1925333680378069E-10,45300.0,17.0,0.0,0.8329514202677344,1.0,1604.0,1.0,1.6,45300.0,1768.0
45400.0,0.480284,2.1967367165618476E-10,45400.0,17.0,0.0,0.8331083807579163,1.0,1604.0,1.0,2.4,45400.0,1768.0
45500.0,0.481142,2.2006610615385907E-10,45500.0,17.0,0.0,0.8331040859843776,1.0,1604.0,1.0,2.2,45500.0,1768.0
45600.0,0.48204,2.2047683596611026E-10,45600.0,17.0,0.0,0.8332072944112301,1.0,1604.0,1.0,3.0,45600.0,1768.0
45700.0,0.482906,2.2087292952669995E-10,45700.0,17.0,0.0,0.8331311086776079,1.0,1604.0,1.0,1.8,45700.0,1768.0
45800.0,0.483756,2.2126170496145888E-10,45800.0,17.0,0.0,0.8332258344578094,1.0,1604.0,1.0,3.0,45800.0,1768.0
45900.0,0.484643,2.2166740356220142E-10,45900.0,17.0,0.0,0.8333021381737953,1.0,1604.0,1.0,2.4,45900.0,1768.0
46000.0,0.48598,2.2227892445193399E-10,46000.0,17.0,0.0,0.8331474259502982,1.0,1604.0,1.0,2.8,46000.0,1768.0
46100.0,0.486857,2.2268004922403233E-10,46100.0,17.0,0.0,0.833123814047213,1.0,1604.0,1.0,3.0,46100.0,1768.0
46200.0,0.487733,2.2308071661326625E-10,46200.0,17.0,0.0,0.8331793341966948,1.0,1604.0,1.0,1.8,46200.0,1768.0
46300.0,0.488674,2.235111138886876E-10,46300.0,17.0,0.0,0.8330089204791505,1.0,1604.0,1.0,2.6,46300.0,1768.0
46400.0,0.489624,2.2394562760988875E-10,46400.0,17.0,0.0,0.8329774183711385,1.0,1604.0,1.0,2.2,46400.0,1768.0
46500.0,0.490547,2.243677919937505E-10,46500.0,17.0,0.0,0.8330448417479748,1.0,1604.0,1.0,1.8,46500.0,1768.0
46600.0,0.4914,2.247579395771027E-10,46600.0,17.0,0.0,0.8329922818743135,1.0,1604.0,1.0,3.8,46600.0,1768.0
46700.0,0.492351,2.2519291068116828E-10,46700.0,17.0,0.0,0.8330463858698972,1.0,1604.0,1.0,2.0,46700.0,1768.0
46800.0,0.49321,2.25585802561707E-10,46800.0,17.0,0.0,0.8330060866349973,1.0,1604.0,1.0,1.8,46800.0,1768.0
46875.0,0.494129,2.2600613741411108E-10,46875.0,17.0,0.0,0.832927954539692,1.0,1604.0,1.0,2.4,46875.0,1768.0